Survey,FIPS,Region,Division,State,,1-unit,,,2-units,,,3-4 units,,,5+ units,,,1-unit rep,,,2-units rep,,,3-4 units rep,,,       5+ units rep
Date,State,Code,Code,Name,Bldgs,Units,Value,Bldgs,Units,Value,Bldgs,Units,Value,Bldgs,Units,Value,      Bldgs,Units,Value,Bldgs,Units,Value,      Bldgs,Units,Value,Bldgs,Units,Value
 
202604,01,3,6,Alabama,6416,6416,1902204,50,100,13580,17,60,9039,45,731,121148,4820,4820,1493710,42,84,8544,13,48,6875,28,511,81808
202604,02,4,9,Alaska,138,138,46450,11,22,5129,5,16,2149,10,73,10444,67,67,16659,0,0,0,2,7,1008,3,18,3794
202604,04,4,8,Arizona,10905,10905,3451833,191,382,65177,8,31,7492,94,2856,423717,9847,9847,3153920,177,354,61454,6,23,6292,77,2355,340691
202604,05,3,7,Arkansas,3538,3538,1019666,141,282,35891,18,58,3641,42,1480,302235,2877,2877,874062,112,224,30039,2,7,875,26,1331,291235
202604,06,4,9,California,19535,19535,6411919,787,1574,276923,102,343,65075,430,15620,2606692,15495,15495,5258282,663,1326,231822,62,221,37836,296,13579,2183804
202604,08,4,8,Colorado,6058,6058,2496272,75,150,30230,21,74,15315,117,5001,982646,5576,5576,2331828,71,142,28448,19,68,14382,99,4875,961008
202604,09,1,1,Connecticut,622,622,308446,33,66,16721,24,81,18321,27,588,89900,369,369,173656,20,40,10912,15,52,14224,15,435,74654
202604,10,3,5,Delaware,1678,1678,255631,12,24,4866,1,4,1143,20,414,57194,1661,1661,252981,12,24,4866,1,4,1143,19,401,54435
202604,11,3,5,District of Columbia,64,64,19330,8,16,2585,0,0,0,3,54,9301,64,64,19330,8,16,2585,0,0,0,3,54,9301
202604,12,3,5,Florida,37027,37027,12301676,315,630,263679,70,259,48077,352,12289,2235077,32340,32340,10575910,271,542,115757,66,246,45810,275,10674,1990261
202604,13,3,5,Georgia,14888,14888,4379090,108,216,33873,47,166,25528,243,5712,750324,10435,10435,3102541,93,186,30269,31,116,19096,172,4627,598821
202604,15,4,9,Hawaii,714,714,290764,31,62,9120,26,104,41590,10,364,111753,377,377,184729,5,10,1305,26,104,41590,1,16,4476
202604,16,4,8,Idaho,4843,4843,1462658,43,86,18607,51,191,33842,38,955,118789,4043,4043,1246354,32,64,14161,38,149,26797,28,836,102515
202604,17,2,3,Illinois,3355,3355,1218522,67,134,28266,79,260,45516,135,3241,674317,2595,2595,958945,45,90,21716,65,217,37624,84,2817,577398
202604,18,2,3,Indiana,6234,6234,2222073,104,208,34655,7,24,4019,109,2891,495525,4767,4767,1780781,80,160,26774,5,18,2933,70,2255,413066
202604,19,2,4,Iowa,2303,2303,805155,58,116,20869,27,100,20955,80,1387,228436,1828,1828,661173,34,68,12018,17,64,13763,40,1153,197596
202604,20,2,4,Kansas,2133,2133,793822,296,592,91786,27,93,14927,80,1941,308394,1691,1691,666125,240,480,74096,19,68,8053,71,1852,293380
202604,21,3,6,Kentucky,2896,2896,790381,70,140,17213,22,77,9074,126,2018,341180,1948,1948,546975,36,72,9328,13,48,5824,75,1043,135243
202604,22,3,7,Louisiana,4024,4024,1053833,69,138,16003,6,19,1629,19,410,52872,2002,2002,545232,18,36,3561,1,4,400,3,22,4041
202604,23,1,1,Maine,1149,1149,384606,41,82,16450,9,30,5338,46,864,144592,466,466,178162,26,52,11813,4,15,3391,25,735,130757
202604,24,3,5,Maryland,2854,2854,899914,25,50,6408,8,30,6587,40,2502,414351,2706,2706,852139,24,48,6193,7,26,5972,35,2213,352240
202604,25,1,1,Massachusetts,1398,1398,720427,56,112,26614,21,65,19066,98,1149,251926,644,644,380958,26,52,12074,17,53,16736,30,641,161137
202604,26,2,3,Michigan,4290,4290,1487888,82,164,19042,46,174,26875,97,1610,305405,2835,2835,1041158,71,142,15552,40,156,23352,40,1040,141615
202604,27,2,4,Minnesota,3681,3681,1358539,38,76,12297,7,24,5144,75,2837,500746,2766,2766,1060539,22,44,5861,4,15,3330,33,2549,454788
202604,28,3,6,Mississippi,2787,2787,586015,14,28,3851,5,16,3426,13,93,3594,1732,1732,402546,1,2,126,1,4,350,0,0,0
202604,29,2,4,Missouri,3648,3648,1310531,129,258,39154,69,242,32367,82,1345,199602,2555,2555,925391,80,160,24288,54,195,28178,45,933,139372
202604,30,4,8,Montana,892,892,276349,32,64,12842,28,106,15783,27,644,98858,659,659,186780,22,44,8983,20,79,11409,15,389,69220
202604,31,2,4,Nebraska,1753,1753,472299,22,44,9148,9,35,4960,38,1127,114547,1220,1220,311597,15,30,6838,7,28,4074,31,891,89327
202604,32,4,8,Nevada,3625,3625,1091262,4,8,1802,1,3,563,28,727,127048,3238,3238,950696,3,6,1187,0,0,0,25,700,121378
202604,33,1,1,New Hampshire,799,799,338130,35,70,13828,16,54,10517,31,542,78986,397,397,189859,25,50,9789,8,29,5985,16,447,59868
202604,34,1,2,New Jersey,4752,4752,1143507,191,382,52812,75,238,24417,302,4998,810030,3156,3156,781442,98,196,36309,42,131,16929,79,2103,436280
202604,35,4,8,New Mexico,2013,2013,527043,12,24,4422,5,16,2362,51,551,82537,1622,1622,421025,12,24,4422,5,16,2362,12,88,13600
202604,36,1,2,New York,2963,2963,1341782,173,346,60214,87,288,51070,287,11318,2054535,1389,1389,723331,142,284,50660,69,233,42325,152,10002,1800818
202604,37,3,5,North Carolina,20805,20805,6312652,199,398,59875,18,66,18094,261,10593,1329401,16557,16557,5017405,182,364,53513,11,42,11121,202,8719,1077645
202604,38,2,4,North Dakota,378,378,137233,12,24,4896,3,11,2171,5,64,7247,282,282,109804,11,22,4296,3,11,2171,1,42,6840
202604,39,2,3,Ohio,5501,5501,2047931,72,144,23665,76,254,35231,188,4974,539144,4151,4151,1607191,44,88,15909,59,195,27031,148,4361,448730
202604,40,3,7,Oklahoma,3753,3753,1038621,80,160,18416,19,60,9367,27,415,47303,1661,1661,493318,19,38,5234,2,7,1063,7,152,20723
202604,41,4,9,Oregon,3050,3050,1038474,70,140,32186,17,59,10413,80,1748,281703,2541,2541,880648,56,112,25239,11,40,7192,63,1485,245101
202604,42,1,2,Pennsylvania,4565,4565,1442618,89,178,27599,53,177,22043,130,3129,439560,2733,2733,873296,71,142,21890,45,152,18175,74,2096,327104
202604,44,1,1,Rhode Island,211,211,84779,49,98,12680,10,33,2925,11,465,66171,152,152,61379,48,96,12130,9,29,2425,9,455,65722
202604,45,3,5,South Carolina,13953,13953,4454045,39,78,10859,18,59,8004,75,2471,352559,10691,10691,3545441,14,28,4342,6,19,4275,21,1032,185827
202604,46,2,4,South Dakota,942,942,306091,17,34,8381,12,45,6828,39,500,77965,799,799,261036,11,22,6035,9,36,5409,34,457,73400
202604,47,3,6,Tennessee,10608,10608,3162164,97,194,32042,36,122,17834,147,3384,508274,8179,8179,2580451,67,134,24817,25,89,14230,111,2767,413518
202604,48,3,7,Texas,48328,48328,13611507,903,1806,276030,164,606,67042,431,14978,2400845,38230,38230,10828130,771,1542,239668,111,422,40671,350,13629,2218019
202604,49,4,8,Utah,5368,5368,1951160,19,38,8125,50,183,38285,131,2519,463234,4774,4774,1734351,14,28,6152,48,177,37028,115,2343,434995
202604,50,1,1,Vermont,349,349,120568,13,26,4973,5,15,1919,7,97,117150,151,151,55959,3,6,1226,0,0,0,2,72,114955
202604,51,3,5,Virginia,6672,6672,1872989,65,130,17578,15,50,13206,110,6471,1035529,5698,5698,1566412,61,122,16043,13,44,11918,91,6172,1001349
202604,53,4,9,Washington,5720,5720,2123138,230,460,118174,65,245,54304,205,6297,868470,4222,4222,1543086,204,408,109073,61,232,51993,157,5471,761997
202604,54,3,5,West Virginia,1216,1216,304598,7,14,1887,2,8,1600,9,178,25432,884,884,233702,5,10,1690,2,8,1600,4,79,7400
202604,55,2,3,Wisconsin,3768,3768,1606322,165,330,68713,3,12,2955,135,3355,841801,2454,2454,1091857,85,170,37416,3,12,2955,83,2726,743019
202604,56,4,8,Wyoming,480,480,219982,2,4,820,10,36,4468,3,58,11106,276,276,94175,2,4,820,9,33,4280,3,58,11106
202604,US,0,0,United States,299642,299642,95002891,5451,10902,1990951,1520,5322,892492,5189,150028,24519596,232622,232622,74826457,4194,8388,1467241,1106,3992,692457,3398,123701,20445375
202604,R1,1,0,Northeast Region,16808,16808,5884862,680,1360,231890,300,981,155615,939,23150,4052850,9457,9457,3418042,459,918,166802,209,694,120191,402,16986,3171294
202604,R2,2,0,Midwest Region,37986,37986,13766407,1062,2124,360871,365,1274,201947,1063,25272,4293130,27943,27943,10475596,738,1476,250798,285,1015,158873,680,21076,3578531
202604,R3,3,0,South Region,181507,181507,53964317,2202,4404,814635,466,1660,243290,1963,64193,9986620,142485,142485,42930286,1736,3472,556575,305,1134,171223,1422,53426,8441866
202604,R4,4,0,West Region,63341,63341,21387305,1507,3014,583555,389,1407,291640,1224,37413,6186996,52737,52737,18002533,1261,2522,493066,307,1149,242170,894,32213,5253684
202604,D1,1,1,New England Division,4528,4528,1956956,227,454,91265,85,278,58085,220,3705,748725,2179,2179,1039973,148,296,57942,53,178,42761,97,2785,607092
202604,D2,1,2,Middle Atlantic Division,12280,12280,3927906,453,906,140625,215,703,97530,719,19445,3304125,7278,7278,2378069,311,622,108859,156,516,77430,305,14201,2564202
202604,D3,2,3,East North Central Division,23148,23148,8582737,490,980,174340,211,724,114595,664,16071,2856192,16802,16802,6479931,325,650,117366,172,598,93895,425,13199,2323828
202604,D4,2,4,West North Central Division,14838,14838,5183670,572,1144,186531,154,550,87352,399,9201,1436938,11141,11141,3995665,413,826,133432,113,417,64978,255,7877,1254703
202604,D5,3,5,South Atlantic Division,99157,99157,30799925,778,1556,401610,179,642,122238,1113,40684,6209169,81036,81036,25165861,670,1340,235258,137,505,100935,822,33971,5277280
202604,D6,3,6,East South Central Division,22707,22707,6440764,231,462,66685,80,275,39373,331,6226,974196,16679,16679,5023683,146,292,42816,52,189,27279,214,4321,630569
202604,D7,3,7,West South Central Division,59643,59643,16723628,1193,2386,346340,207,743,81679,519,17283,2803255,44770,44770,12740742,920,1840,278501,116,440,43009,386,15134,2534017
202604,D8,4,8,Mountain Division,34184,34184,11476560,378,756,142024,174,640,118110,489,13311,2307934,30035,30035,10119129,333,666,125627,145,545,102551,374,11644,2054513
202604,D9,4,9,Pacific Division,29157,29157,9910745,1129,2258,441531,215,767,173530,735,24102,3879062,22702,22702,7883404,928,1856,367440,162,604,139619,520,20569,3199171
